../../../../../.git/annex/objects/5k/w5/SHA256E-s3147397--e6fa21ca3a54b97a7e6758ec45d31475afa0a1e358261cd56da59fb1cc836a4b.tsv/SHA256E-s3147397--e6fa21ca3a54b97a7e6758ec45d31475afa0a1e358261cd56da59fb1cc836a4b.tsv