../../../../../.git/annex/objects/2V/2g/SHA256E-s2932722--b4b2f882c694b5780bf18c388694a4100d444e699a124c2b6022669eff40ed27.tsv/SHA256E-s2932722--b4b2f882c694b5780bf18c388694a4100d444e699a124c2b6022669eff40ed27.tsv